208.5
197.5
188.5
171.5
170.5
189.5
177.5
155.5
136.5
133.5
128.5
129.5
127.5
123.5
154.5
200.5
220.5
224.5
224.5
217.5
206.5
210.5
214.5
215.5
206.5
196.5
189.5
173.5
175.5
187.5
174.5
155.5
142.5
130.5
127.5
129.5
127.5
114.5
133.5
161.5
179.5
185.5
182.5
176.5
159.5
146.5
152.5
153.5
151.5
151.5
156.5
152.5
150.5
163.5
154.5
138.5
136.5
132.5
128.5
123.5
116.5
103.5
106.5
113.5
125.5
137.5
142.5
142.5
135.5
132.5
127.5
123.5
125.5
122.5
128.5
136
135.5
161
151
142
130
122
119
117
122
119
145
183
202
206.5
207.5
206.5
192.5
191.5
192.5
195.5
193.5
181.5
175.5
165.5
163.5
178.5
165.5
148.5
137.5
129.5
123.5
122.5
123.5
114.5
129.5
156.2
174.2
180.5
179.5
177.5
164.5
165.5
164.5
162.5
157.5
156.5
161.5
153.5
156.5
171.5
159.5
150.5
143.5
132.5
122.5
122.5
128.5
114.5
150.5
188.5
212.5
220.5
221.5
212.5
199.5
204.5
203.5
204.5
204.5
200.5
198.5
177.5
175.5
182.5
170.5
151.5
140.5
129.5
125.5
125.5
126.5
124.5
154.5
196.5
219.5
230.5
225.5
217.5
205.5
206.5
210.5
209.5
203.5
204.5
198.5
184.5
180.5
187.5
173.5
153.5
139.5
129.5
127.5
127.5
129.5
124.5
160.5
200.5
231.5
233.5
234.5
221.5
205.5
202
211
205.5
182.5
195.5
189.5
168.5
176.5
173.5
166.5
145.5
137.5
127.5
125.5
122.5
123.5
117.5
125.5
146.5
167.5
184.5
180.5
172.5
162.5
153.5
151.5
150.5
151
150
156
155
151
164
152
138
132
128
120
117
119
102.5
110
115
125
138
145
146
139
135.2
133.2
129.2
134.1
137.1
137.1
147.1
149.1
167
161
141
132
124
121
121
126
122
150
190
217
216
221
211
197
201
206
206
194
186
184
173
173
186
171
154
143
133
126
128
131
126
151
188
218
224
224
219
204
206
208
208
201
196
189
175
173
185
170
155
140
132
129
127
129
128
154
201
223
226
227
223
204
206
212
211
208
202
201
182
182
185
170
153
139
132
129
129
132
123
158
201
225
231
230
224
207
206
209
212.5
195.5
191
190
179
181
186
162
154
139
132
128
129
131
123
152
191
215
223
224
212
199.6
197.6
202.6
208.6
199.6
190.6
184.6
176.6
176.6
187.6
173.6
156.6
145.6
136.6
132.6
131.6
130.6
123.6
134.6
161.6
182.6
187.6
186.6
174.6
158.6
146.6
151.6
151.6
149.6
147.6
149.6
149.6
145.6
164.6
154.6
142.4
132.4
123.4
119.2
115.2
116.2
101.4
102.4
115.4
132.4
139.4
139.4
140
132
125
122
119
117
118
123
130
137
161.4
158.4
141.2
130.2
120.2
119.2
118.2
123.2
122.2
146.2
184.2
212.2
214.2
219.2
209.2
201.2
203.2
207.2
206.2
202.2
187.2
183.2
168.2
171.2
187.2
174.2
156.2
142.2
134.4
132.4
131.4
134.4
125.4
152.2
195.2
217.2
221.2
223.2
216.2
202.2
209.2
209.2
211.2
202.2
196.2
187.2
175.2
174.2
188.2
179
158
146
137
131
132
134
131
148
192
218
223
225
219
208
213.4
214.4
217.4
206.4
200.4
191.4
181.4
182.4
189.4
175.4
158.4
145
136
133
131
136
129
157
194
220
225
226
218
210
210
214
214
206
197
195
177
179
186
175
163
143
136
130
130
131
129
153.5
197.5
221.5
226.5
227.5
221.5
208.5
210.5
218.5
215.5
208.5
200.5
191.5
180
174
182
173
159
146.5
138.5
133.5
132.5
133.5
120.5
133.5
158.5
178.3
188.3
180.3
171.3
148.3
154.3
153.3
153.3
152.3
150.3
153.3
148.3
148.3
164.3
155.3
147.3
135.3
132.3
124.3
119.3
119.3
103.3
113.3
115.3
132.3
140.3
143.3
142.3
134.3
130.3
130.3
121.3
121.3
122.3
126.3
133.3
142.3
165.3
160.3
145.3
135.3
128.3
126.3
127.3
131.3
130.3
153.8
190.8
217.8
230.8
231.8
227.8
215.8
215.3
222.3
225.3
215.3
207.3
196.3
185.3
179.3
193.3
180.3
158.3
144.3
135.3
131.3
131.3
133.3
125.3
162.3
200.3
229.3
237.3
231.3
223.3
216.3
215.3
223.3
229.3
218.3
206.3
196.3
186.3
178.3
195.3
187.3
156.3
146.8
140.8
135.8
135.8
138.8
132.8
158.3
200.3
223.3
235.3
233.3
231.3
216.3
219.3
225.3
228.3
219.3
210.3
199.3
187.3
189.3
194.3
183.3
164.3
149.3
142.3
138.3
137.3
140.3
138.3
162.3
196.3
233.3
242.3
239.3
230.3
223.3
216.3
234.3
229.3
217.3
221.3
197.3
183.3
174.3
184.3
170.3
154.3
143.3
137.3
133.3
133.3
136.3
134.3
162.3
196.3
224.3
229.3
227.3
222.3
209.3
211.3
219.8
212.8
200.8
199.8
184.8
172.8
166.8
178.8
167.8
152.8
137.8
131.8
128.8
129.8
127.8
117.8
129.8
146.8
174.8
178.8
179.8
171.8
157.8
146.8
144.3
148.3
146.3
146.3
148.3
148.3
142.3
161.3
152.3
142.3
132.3
126.3
120.3
119.3
117.3
106.3
102.3
113.3
126.3
130.3
132.3
132.3
126.3
120.3
117.3
119.3
111.3
117.3
120.3
130.3
135.3
160.3
153.3
144.3
131.3
124.3
122.3
122.3
127.3
122.3
145.3
193.3
194.3
214.3
215.3
213.3
202.3
203.3
210.3
213.3
203.3
193.3
182.3
167.3
169.3
184.3
168.3
153.3
140.3
134.3
134.3
129.3
135.3
130.3
153.3
189.3
219.3
224.3
225.3
218.3
210.3
210.3
218.3
222.3
209.3
202.3
186.3
178.3
172.3
182.3
169.3
170.3
142.3
137.3
131.3
132.3
134.3
134.3
158.3
196.3
222.3
228.3
217.3
215.3
212.3
209.3
217.3
219.3
211.3
198.3
190.3
179.3
179.3
180.3
171.3
157.3
143.3
135.3
131.3
130.3
133.3
137.3
150.3
188.7
220.7
226.7
227.7
226.7
207.7
212.7
215.7
212.7
205.7
194.2
186.2
171.2
171.2
179.2
173.2
151.2
142.2
133.2
130.2
128.2
131.2
133.2
152.2
187.2
216.2
223.2
224
216.2
207
208
212
215.7
209.3
191.8
181.8
169.3
166.3
177.3
170.3
156.3
141.3
137.3
129.3
129.3
132.3
137.3
139.3
156.3
176.3
178.3
181.3
174.3
159.3
152.3
153.3
152.3
151.3
151.3
151.3
147.3
149.3
168.3
155.3
143.3
138.3
127.3
123.3
120.3
120.3
121.3
104.3
116.3
126.3
132.3
133.3
134.3
128.3
122.3
121.3
120.3
121.3
120.3
129.3
134.3
142.3
162.3
155.3
144.3
132.3
128.3
128.3
123.3
126.3
139.5
151.5
183.5
214.5
212.5
212.5
210.5
205.5
204.5
211.5
213.5
204.5
195.5
189.5
175.5
165.5
186.5
168.5
153.5
138.5
132
130.5
130.5
130.5
142.5
153.5
183.5
220.5
221.5
223.5
217.5
205.5
208.5
212.5
218.5
206.5
197.5
197.5
181.5
170.5
185.5
167.5
149.5
138.5
132.5
128.5
127.5
134.5
138.5
159.5
192.5
213.5
219.5
220.5
211.5
216.5
209.5
209.5
212.5
204.5
193.5
186.5
171.5
172.5
185.5
168.5
153.5
143.5
135.5
132.5
129.5
131.5
141.5
148.5
189.5
215.5
218.5
220.5
213.5
205.5
207.5
207.5
208.5
197.5
197.5
182.5
178.5
172.5
177.5
169.5
148.5
139.5
132.5
128.5
126.5
129.5
136.5
144.5
172.5
198.5
205.5
206.5
198.5
196.5
185.5
191.5
191.5
186.5
174.5
165.5
156.5
153.5
168.5
155.5
137.5
132.5
126.5
120.5
118.5
120.5
128.5
120.5
134.5
148.5
156.5
155.5
152.5
141.5
133.5
133.5
134.5
133.5
133.5
134.5
129.5
136.5
147.5
140.5
128.5
122.5
115.5
112.5
109.5
109.5
112.5
100.5
106.5
116
124
127
123.5
118.5
115.5
112.5
113.5
110.5
112.5
115.5
115.5
143.5
144.5
141.5
132.5
125.5
120.5
118.5
117.5
117.5
128.5
130.5
164.5
179.5
185.5
185.5
180.5
174.5
170.5
170.5
172.5
165.5
161.5
155.5
147.5
151.5
162.5
153.5
139.5
129.5
125.5
123.5
123.5
125.5
131.5
136.5
156.5
174.5
180.5
184.5
181.5
172.5
169.5
171.5
164.5
168.5
163.5
159.5
149.5
152.5
158.5
152.5
140.5
130.5
127.5
120.5
121.5
123.5
131.5
132.5
160.8
174
184.2
183.2
180.2
163.2
160.2
164.2
163.2
165.2
153.2
149.2
137.2
152.2
150.2
143.2
133.2
124.2
120.2
116.2
115.2
118.2
125.2
127.2
145.2
164.2
172.2
171.2
171.2
164
160
161
162
158.5
153.5
150
135.5
148.5
151.5
142
129
123.5
118.5
115.5
114.5
116.5
123.5
119.5
140.5
161.5
167.5
164.5
164.5
152
152
153
155
155
138
137
132
150
145
137
129
121
114
111
111
112
114
106
119
134
139
142
144
132
122
123
127
128
127
128.5
122.5
142.5
137.5
134.5
127.5
114.5
108.5
104.5
103.5
103.5
105.5
92.7
97.7
103.7
109.7
109.7
110.7
105.7
102.7
101.7
102.7
103.7
102.7
107.7
113.7
134.5
133.5
125.5
118.5
122.5
114.5
113.5
110.5
113.5
121
112
118.5
141.5
145.5
144.5
142.5
136.5
138.5
136.5
135.5
134.5
133.5
129.5
124.5
141.5
142.5
129.5
120.5
111.5
109.5
108.5
106.5
108.5
112.5
106.5
126.5
137.5
141.5
140.5
144.5
135.5
133.5
125.5
132.5
131.5
123.5
121.5
120.5
142.5
138.5
131.5
121
112.6
107.6
106.6
103.6
109.6
114.6
105.6
128.7
137.7
138.7
141.7
140.7
136.8
133.8
134.8
133.8
131.8
131.8
125.8
120.7
142.7
131.5
132
117.5
115.5
111.5
109.5
107.5
110.5
114.5
112.5
124.5
133.5
137.5
136.5
138.5
132.5
129.5
125.5
127.5
125.5
124.5
121.5
121.5
137.5
133
124
119
114.5
108.5
104
104
105
109
93.7
94.7
105.7
108.7
113.7
108.7
105.7
101.5
102.5
104.5
102.5
103.5
105.5
110.5
131.5
127.5
123.5
116
111.5
107.5
103.5
103.5
104.5
109.5
94.5
104.5
107.5
114.5
110.5
114.5
111.5
108
107
110
108
109
109.5
117.5
130.5
123
120
114
108
101
98
99
98
100
85
92
96
100
101
105
100
98.5
93.5
96.5
95.5
98.5
101.5
101.5
128.5
129.5
122.5
112.5
108.5
104.5
103.5
102.5
104.5
111.5
109.5
123.5
133.5
136.5
137.5
138.5
138.5
138.5
131.5
134.5
131.5
128.5
126.5
118.5
143
134
129
119
112
109
108
107
108
119
114
129
141
146
147
145
142
139
141
142
136.7
132.7
132.3
126.3
150.3
139.3
134.3
123.5
118.5
115.5
108.5
109.5
109.5
119
115
128
139.5
147.5
147.5
144.5
141.5
135.5
139
139.5
133.5
133
129.5
125.5
148.5
142.3
134.3
122.3
118.4
110.4
110.4
106.4
110.4
117.4
107.4
128.3
142.3
144.3
148.3
147.3
141.3
137.3
138.3
142.3
138.3
135.3
132.3
126.3
146.3
143
133
120
115
110.3
109.3
109.3
110.3
126.3
117.3
129.3
144.3
148.3
150.3
147.5
142.5
138.5
137.5
138
139.5
133.5
131.5
127.5
150.5
141.5
135.5
121.5
115.5
111.5
108.5
106.5
109.5
114.5
103.5
112.5
125.5
128.5
128.5
129.5
122.1
117.3
116.5
119.5
118
120
121.7
120.7
144.7
135.7
126.7
120.7
116.8
110.8
104.8
104.3
104.3
104.3
90
97
105
111
113
114
112
110.3
106.3
103.3
105.3
105.3
111.8
121.8
144.5
137.5
134.5
126.5
117.5
112.5
109.5
110.5
111.7
119.7
122.7
147.7
166.7
170.7
171.7
170.7
162.7
161.7
166.2
168.5
171.5
160.5
153.5
155.5
172.5
161.5
150.2
139.2
127.2
123.2
121.2
119.2
120.2
129.2
129.2
158.2
177.2
181.2
183.2
180.2
171.2
168.2
175.2
174.2
167.2
159.2
158.2
153.2
173.2
159.2
150
132.3
126.3
120.3
117.3
115.3
116.3
128.3
130
154
181
186
185
181
171
170
176
179
173
167
163
160
181
164
152
143
124.3
119.3
117.3
120.3
121.3
123.3
139
162
186
192.8
193
185
177.2
177.2
179.2
181.2
175.2
168.2
162.3
152.3
176.8
166.8
154
139
133.7
125.5
118.5
119.5
122.5
130.5
132
153
181.2
189.2
187.2
185.2
170.2
168.2
167.2
171.2
165.2
161.2
158.2
154
175
153
151
141
128.5
123.5
117.5
113.5
116.5
119.5
114.5
130.5
145.5
152.5
153.5
147.5
139.5
134.5
129.5
133.5
131.5
133.5
132.5
138.5
161.5
150
143
133
125
116
114
112
111
111
98
104
117
126.5
127.5
128.5
125.5
118.5
117.5
117.5
117.5
118
123
132.5
162.5
157.5
153.5
135.5
123.5
121.5
119.5
121.5
122.5
133.5
147.5
181.5
207.5
210.5
213.5
215.5
197.5
200.5
204.5
204.5
200.5
187.5
182.5
184.5
198.5
185.5
172.5
154.5
141.5
131.5
128.5
126.5
130.5
145.5
159.5
197.5
226.5
228.5
227.5
223.5
206.5
208.5
209.5
219.5
214.5
203.5
200.5
192.5
203.5
184.5
175.5
158.5
136.5
132.5
128.5
128.5
134.5
137.5
168.5
196.5
223.5
230.5
230.5
222.5
202.5
208.5
212
217.5
203.5
195.5
187.5
185.5
208.5
191
173
158
139
133
131
132
136
143.5
157.5
188.5
226.5
229.5
229.5
227.5
208.7
212.7
215.5
218.5
214.5
200.5
190.5
201.5
204.5
190.5
175.5
154.5
144.5
136.5
133.5
132.5
135.5
143
172.5
199.5
225
232
234
222.5
211.5
214.5
216.5
218.5
208.5
199.5
191.5
186.5
205.5
187.5
173.5
163.5
143
134
128
128
130
137
138.5
153.5
178.5
187
183
175
161
158
147
156
156
155
153
165
178
166.5
158.5
145
135.5
125.5
121.5
119.5
120.5
122.5
125.5
111.5
123.5
132.5
138.5
139.5
135.5
129.5
127.5
126.5
124.5
130.5
137.5
153.5
174.5
167.5
159.5
149.5
133.5
124.5
124.5
123.5
129.5
143.5
171
201
224
229
222
221
210
215
218
222
214.5
202.5
195.5
198
207.5
194.5
171.5
153.5
145
134
131
131
133
143
174
193
221
228.5
226
217
215
216.5
221.5
226
214
208
204.5
213.5
215.5
197.5
178.5
156.5
144
139
129
130
134
151.5
170.5
198.5
229.5
234.5
236.5
227.5
216.5
216.5
222.5
226.5
217.5
210.5
198.5
216.5
214.5
194.5
183.5
158.5
148
139
135
134
138
150.5
186.5
206
242
246
243
230
215.5
219.5
218.5
226.5
213
207
203.5
221.5
215.5
195.5
183.5
159.5
143.5
138
136
129
132
149.5
180.5
210.5
236.5
239.5
240.5
228.5
215.5
217.5
217.5
219.5
210.5
199.5
195.5
220.5
204.5
186.5
175.5
153.5
142
131
134
130
132
139
153.5
167.5
186.5
191.5
190.5
179.5
163.5
153.5
157.5
155.5
154.5
154.5
159
185
176
164
152
142
130.5
124.5
119.5
118
119
126
121
121.5
134.5
143.5
147.5
146.5
140.5
135.5
132.5
129.5
130.5
126.5
138.5
197
175
163
154
140
128
121
119
118
122
140
178
205
232
235
227
215
218
205
214
209
202
195
188
202
212.5
191.5
148.5
155.5
135.5
131
122
123
134
141.5
176.5
205.5
222.5
225.5
221.5
216.5
195.5
208.5
206.5
215.5
200.5
194.5
191.5
216.5
205.5
191.5
164.5
151.5
136
132
127.5
124.5
127.5
145
177
195.5
223.5
228.5
228.5
221.5
202.5
206.5
211.5
207.5
203
192
192
225
209
185
169
154
138.5
127.5
124.5
125.5
132.5
148
176
200
222
228
225
216
197
205.5
209.5
213.5
200.5
193.5
193
222
211
188
178.5
149.5
139.5
123.5
127.5
125.5
129.5
151.5
179
206
220
228
227
223.5
201
202
213
210
200
188
190.5
211.5
203.5
179.5
165.5
154.5
133.5
129.5
126.5
120.5
124.5
129.5
155.5
164.5
186.5
185.5
179.5
173.5
158.5
150
155
155
151
151.5
165
197
182
170
160
145
135
123
120.5
117.5
117.5
121.5
144.5
115
136
155
152
153
142
136
131
130
131
130
151
179
174
167
157
127
130
123
118
121
125
139
178
200
229
234
231
232
206
205.5
211.5
212.5
205.5
198.5
205
227.5
214.5
192
174
151
135
132
125
125
130
144
179
208.5
237.5
237.5
233.5
229.5
207.5
209
211.5
210.5
206
199
203.5
230.5
212.5
188.5
176.5
158.5
150.5
131.5
127.5
127.5
131.5
142.5
179.5
203.5
227.5
229
228.5
215.5
205.5
208.5
215.5
216.5
206.5
198.5
201.5
224
213
192.5
177.5
152.5
139.5
134.5
127.5
127.5
132.5
147
184
200.5
225.5
228.5
227.5
221.5
205.5
207.5
208.5
212.5
204.5
196.5
200.5
218.5
208.5
185.5
172.5
157
134
130
127
127
129
146.1
183.1
217.1
248.1
240.1
235.1
232.1
209.1
200.1
207.1
211.3
188.3
195.3
199.3
219.3
206.3
184.3
173.3
154.8
142.8
131.8
127.8
125.8
131.8
136.8
156.8
167.3
189.3
194.5
185.5
180
166
157
168
157
156
157
166
202
189
167
158
147.5
132.6
125.6
121.6
118.6
117.6
123.6
128.6
120.6
132.6
148.6
152.6
147.8
139.8
135.8
133.5
127.5
127.5
132.5
149.5
187.5
179.5
165
159
142
132
124
125
119
126
135
177
205
229
230
224.5
217.5
206.5
205.5
208
211
202
196
201.5
220.5
210.5
194
169
155.5
135
134
128.5
129.5
129
142
188
210
225.7
227.7
230.2
223.2
208.2
200.2
204
210.2
204.2
196.2
205.7
228
210.2
189.2
174.7
150.7
139.7
131.7
129.7
126.7
131.7
141.7
188.7
203.7
226.4
227.4
191.4
186.4
209.4
206.4
216.2
214.2
205.2
200.2
202.2
222.2
210.7
189.9
164.9
150.7
134.7
132.7
130.7
127.7
131.7
146.7
182.7
212.5
231
233
228
219.2
210.2
208.2
206.2
215
215.5
207.5
207.5
231.5
216
191.2
178.2
155.2
140.2
132.2
127.2
127.2
129.2
141.7
186
211
226.5
230.5
223.5
219.5
204.5
205.5
209.5
209.5
208.5
197.5
205.5
219.5
208
189
177
153.5
141.5
135.5
135.5
131
135
134
160
172
190.5
196.5
188.5
180.5
165.7
156.7
157.7
156.7
154
156
170
200
179
169
162
149
135.5
127.5
124.5
118.5
121.5
122.5
127.5
119.5
137.5
149.5
153.5
148.5
143.2
131.2
133.2
127.5
130.5
132.5
153.5
188.5
183.5
173.5
162.5
144
128
124
125.5
122.5
126.5
138.5
178.5
205.5
233.5
227.5
225
221
202.5
205.5
211.5
216
204
210
230
225
211
190
174
152.5
139.5
137.5
130.5
129.5
133.5
146.5
186.5
214.5
235.5
242
240
233
211.7
223.7
214.7
214
207
207
223
229
217
186.5
170
148
140
134
130
130.5
134.5
146.5
186.5
210.5
229.5
235.5
228.5
222.5
203
206
210.5
209.5
201.5
198.5
223
227
214.5
195.7
173.2
149.7
137.7
131.7
128.5
127.5
131.5
138.5
183.5
213.5
230.5
231
230.5
224.5
211
210
214
215.5
207.5
205.5
227.5
230.5
204
199
181
161
144
136
129
129
133
147
177
210.5
245
248
231
224
211.5
205.7
216.7
220.5
203.5
206.5
222.5
232.5
215.2
192.2
172.2
152.2
139.2
132.2
126.2
126.7
126.7
135.5
164
169.5
184
195
190
179
168
160.5
158
160
161
154
201.5
201.5
183
168
159.5
141.5
125.5
120.5
119.5
115.5
115.5
118.5
125.5
116.5
137.5
146.5
148
150
139.5
129.5
132.5
129.5
126.5
136.5
168.5
183.5
176.5
164.5
155.5
139.5
125.5
120.5
118.5
116.5
118.5
134.5
177.5
201.5
220.5
226.5
226.5
218.5
197.5
200.5
204.5
206.5
198.5
194.5
232.5
220.5
214.5
188.5
170.5
149.5
138.5
125.5
126
126
127.5
140.5
181.5
206.7
225.7
227.7
221.2
220.7
200.7
204.7
204
204
197
196.5
234.5
229.5
215
193
170.5
151.5
136.5
127.5
123.5
122.5
131.5
141.5
182.5
207
234.2
234.1
231.9
226.9
205.9
201
208
203
204.5
202.5
245
232
218
193
177.2
155.5
134.5
133.5
128
126
139
149
196.5
230.5
240
243.5
236
230
211.5
211.5
222.5
216.5
204.5
210.5
249.5
236
224.5
197.5
172
153.5
140.5
132.5
132.8
125.8
133.8
138.8
200.2
243
255
256
246
241
220.5
217.5
220.5
217.5
212.5
213.5
248.5
250.5
216.5
191.5
182.5
157.5
146.5
137.5
129.5
132.5
135.5
145.5
185.5
188.5
208
211
201
190
174
163
163.5
162.5
161.5
170.5
215
205
196
178.5
166.5
149.5
134.5
127.5
125.5
119.5
123.5
128.5
136.5
134
151.5
160.5
162
162
154
142
146.3
137
138.5
146
194
196
186
178
164
145.5
131.5
124.5
120.5
125.5
130.5
146.5
202.5
235.5
252.5
248
238.5
229.5
214
213.5
214.5
217
214
217
248
239
224
199.5
175.5
163.5
141.5
124.5
118.5
117.5
138.5
153.5
201.5
242.5
258.5
248.5
246.5
240
217.5
219.5
232.5
230.5
228.5
224.5
256.5
234.5
221.5
202.5
180.5
147
141.5
133.5
132.5
129.5
135.5
158.5
194.5
241.7
248.5
261.5
262
244.5
228.5
228.5
236.5
227.5
224.5
221.5
252.5
239
222.5
197.5
182.5
158
144
139.5
133.9
133.9
140.9
152.7
203.9
252.9
257.9
261.5
254.5
246.5
229
229
232.5
232.5
235.5
222.5
265.5
242.5
227.5
203.5
179.5
157
146.5
138.5
134.5
131.9
138.9
158.9
205.9
249.9
244.4
250
247
226
213.5
217.5
215.5
217.9
203.9
208.9
254.9
237
224
192
180
155
150.5
139.5
135.5
130.9
138.9
147.9
172.6
218.2
218.2
222.2
214.5
197.5
182.5
168
163
165.9
165.9
169.9
222.9
209.9
199.5
180
171.5
155.5
143.5
131
119.4
120.9
125.4
137.9
143.4
145
161.5
170.5
164.5
166
156.5
148.5
144.9
138.9
146.9
186.9
195.9
197.5
188
174.5
161.5
143.5
132.5
130
124
124.9
132.9
156.9
200.9
223.5
249
255.5
250.5
244.5
226.5
234
232
239.5
229.5
263.5
265.9
235.4
224.5
199
182
159.5
138
139
130.4
135.4
137.9
158.9
201.9
245.4
264.5
269.5
256
258
241
239.5
242.5
247
252
274.4
270.4
248.4
233
208.5
187
160.5
150
141
138
140
146
162.5
210
234
259.5
260
251.5
238.5
225
224
233.5
229.5
236.5
278
269.5
244
228.5
208
182.5
161
145.5
136
127
130.5
142.5
162.5
212
235
259.5
258
250
246
224.5
225.5
228.5
234.5
238.5
277.5
277.5
247.5
231.5
212.5
189.5
166.5
149
142.5
141.5
136.5
143
165
215.5
236
262
260
261
248.5
233.5
230.5
236.5
239.5
244.5
268
264
243.5
225.5
204.5
182
165
146
127.5
132
128.5
131
138
154.5
156
165
178
182.5
174.5
163.5
152.5
150.5
154.5
163.5
199.5
209
197
187
175.5
162.5
147.5
137.5
131
126
122
127
135.5
144
137.5
151.5
164
163
164.5
157
149
146.5
142.5
149.5
188.5
202.5
201.5
191.5
177.5
171.5
142.5
135.5
127
125
125
134.5
151.5
203.5
221
249
246
241.5
235.5
217
221
227
227
238
272
264
238
227
195.5
175.5
164.5
146.5
134.5
128.5
133.5
140.5
157.5
207
243
267.5
264.5
266.5
265
243.5
239
249
258.5
277.5
260.5
265.5
241.5
230.5
208.5
178.5
162.5
143.5
135.5
135.5
133.5
140.5
155
202
236
260
260
259
259
237.5
238
244.5
252.5
275.5
272.5
259.5
239.5
231
200.5
178
158.5
147.5
134.5
127.5
132.5
137.5
154.5
204.5
232.5
259.5
261.5
260
252
239.5
235.5
250.5
257.5
278.3
273.3
262.8
238.8
228.3
203.3
183
161.5
144
136
131.5
132
140
152.5
201.5
239
258.5
265.5
256.5
253.5
230.5
230
237
238.5
246
267.5
264
242
225.5
201.5
181
162
148.5
136.5
131
128
132.5
140.5
171.5
182
214
219
216
198
183
175.5
176.5
175
182
221
224.5
213
199
177.5
166.5
154.5
134.5
118.5
125
123.5
119
134
136.5
137
156
166
170.5
167
162
151.5
147.5
146.5
154
191.5
197.5
197.5
188.5
176
165.5
145.5
133.5
123.5
123.5
124.5
130.5
151
199.5
226.5
253.5
250
238.5
236
223.5
221.5
224
232
251
262
257
237
222
196.5
174.5
152.5
145.4
130.4
128.4
128.4
134.4
154.4
200.4
227
253.5
239.5
237.5
233
230.5
231.5
252.5
245.5
278.5
271.5
259.5
234.5
220.5
194.5
181.5
158.5
141.5
134.5
131.5
131.5
136.5
153.5
202
245
264
275
267.5
252.5
233.5
226.5
233.5
230.5
245.5
261.5
257.5
232.5
220.5
197.5
174.5
155
144.5
136.5
129.5
129.5
139
155.5
187.5
227.5
257
251
247
238.5
216.5
219
228
227
236.5
265.5
259.5
232
225
199
181
153.5
143
132.5
129.5
127.5
135.5
156
199.5
228
251
249
246
237
217.5
219.5
226.5
223.5
237.5
266.5
260.5
234
219
193.5
175
158
141.5
138.5
125.5
130
135
147.5
176.5
191.5
209
212
206
190
175
170
170
168
186.5
218.5
218.5
210.5
189.5
176
163.5
148
134
122.5
118.5
118.5
117.5
129
140.5
138.5
151
165.5
165
168
153
150
143.5
140.5
156
189.5
196.5
194.5
188
174.5
157.5
146.5
130.5
123.5
121
123
132
152.5
204.5
227.5
248.5
251.5
246
241
222
226
236.5
240.5
252
266.5
259.5
241.5
227.5
193
178.5
154.5
142.5
134.5
129.5
127.5
134.5
146.5
206
237
262
258
250
245.5
224.5
222.5
228.5
232.5
247.5
269.5
263.5
237.5
222.5
202.5
178.5
155
145
132.5
129.5
128.5
142
158.1
205.5
247.5
283.5
292.5
291.5
264.5
256.5
241
253
263
288
262
268
238
227
204
179
167.5
142
135
132.5
131
136.5
169
198.5
241
276
271
267
259
245.5
242.5
250.5
252.5
283.5
275.5
280.5
225.5
230.5
204.5
177
161.5
141.5
138.5
135.5
136
143
164.5
214.5
232.5
262.5
262
266
244.5
230
229.5
241.5
247.5
267.5
282.5
274.5
245
228
200
180
165
126
125
125
121
130.5
127.5
171.5
196
207.5
218
215.5
198
185.5
175
175
181.5
193.5
220.5
220.5
212.5
202
190.5
170.5
154
144
136
131
128
128
137
137
136.2
158.4
171.4
172.9
174.2
160.2
152
151
146.5
163.1
188.5
197.5
200
194
180
173
144
135.5
124.5
120.5
121.5
133.5
150.5
204
239
261.5
261.5
259.5
245
228.3
234.3
237.8
265.5
278.5
278.5
271
249.5
228.5
206.5
177.5
154
144.5
140.5
137
137
145
157.5
216.5
243
270
276
273
262
238
238
244
251.5
273.5
265.5
267
246
240
203
189
161.5
145
139
136.5
135.5
144.5
159.5
205.5
250.5
271
272
265
256
245.8
243.3
250.8
257.5
279.5
278
266.5
245.5
230.5
202.5
176.5
157
145.5
136.5
134
133.5
142.5
156.5
206.5
243
266
269
261
257
239.5
236
240
241
264
271
258.7
238.2
222.2
202.7
183.2
157.2
146.2
137.2
130.7
133.2
142.7
157.7
203.7
237.2
262
263
255
243.6
231.4
226
234.5
242.5
271.5
273.5
267.5
241.5
225.5
206.5
183
166
148.5
138.5
132
130
138.5
148
179.5
199.5
221.5
220
215.5
203
191
171
175
178.5
204.5
223
227.5
215.5
200
183.5
168.5
152
140.5
128
126
124
126.5
132.5
145
142
161.5
177
178
180
157.5
157
153.5
155
181.5
200.5
209
207
197.5
185
168
145
133
127.5
125.5
125.5
129.5
149.5
200
235
260
258
248.5
241
227
226
230.5
232.5
267.5
267.5
259.7
241.2
229.2
200.7
184
160
141.5
132.5
133.5
132.5
131
139
208
245
263.5
264
260.5
260
249
245.5
247.5
245
279.5
275
271.5
246.8
234.8
207.3
184.4
161.9
147.1
134.6
137.6
133.4
141.9
160.9
210.4
259.4
264.4
262.5
251.5
237.5
229.5
227
232.5
239
276
275.5
264
241
233
209.2
182.2
163.7
148.4
141.6
131.6
134.9
141.9
157.9
209.4
236.4
265.4
266.5
265
257
236
235
245
256
277
270.5
266.5
246.5
227.5
202
181.4
160
147.6
140.1
135.1
132.6
144.1
161.1
202.6
247.1
262
258.5
252.5
238.5
229
224.8
228.8
233.8
260.8
266.8
259.8
239.8
221.8
203.8
183.3
161.3
147.5
140
136
132
136.2
151.2
183.7
203.7
228.2
228.5
218.5
206.5
191
178
180
185.5
216.2
224.2
225.7
210.7
187.2
182.5
162.4
150.4
136.4
126.2
123.1
120.1
119.6
131.9
144.2
147.7
163.6
175.1
181.7
178.7
164.2
152.2
152.3
155.3
180.3
196.3
199.5
194.5
186
174.5
164.7
142.9
129.8
127.7
120.7
121.7
123.2
136.2
153.2
147.2
166.2
184.2
183.2
181.2
173.2
158.7
160.7
165.2
197.2
207.7
214.2
207.7
203.7
186.2
173.2
162.7
134.7
126.7
126.2
125.7
134.7
159.2
205.9
240.4
267.9
270.7
258.7
252.2
235.2
233.2
239.2
239.2
272.2
281.2
268.7
249.2
233.1
207.6
189.6
159.6
150.3
138.8
136.3
133.8
141.3
157.3
206.4
244.9
267.2
265.2
256.2
254.7
238.2
241.1
246.2
251.2
284.2
282.2
272.2
251.7
235.9
211.4
188.9
166.4
146.6
135.6
135.6
134.6
142.6
159.6
208.6
260.1
265.1
272.2
261.7
252.1
233.6
236.7
236.2
246.2
281.2
280.2
269.2
250.8
236.3
205.3
184.3
160.3
149.3
133.3
131.3
131.8
139.2
150.7
203.1
263.2
267.7
265.2
253.7
246.7
229.2
224.7
236.7
241.7
267.7
281.2
268.5
245.2
234.2
210.8
185.8
163.7
148.3
140.9
135.4
134.6
139.6
156.1
178.6
203.1
218.6
219.6
213.1
200.1
184.2
174.2
177.2
185.2
207.2
225.7
232.1
218.3
200.7
189.9
171.4
168.9
144.9
133.5
124.6
123.1
130.6
136.6
151.4
144.4
170.9
183.4
179.4
181.9
168.4
154.9
159.9
163.4
189.1
213.6
213.1
209.6
199.1
189.1
171.6
148.1
137.1
129.6
124.1
127.6
135.6
160.1
199.9
261.4
271.4
278.2
271.7
271.7
250.7
252.7
254.2
259.2
282.7
278.7
268.7
242.2
231.1
209.9
184.2
159.4
151.6
138.4
131.4
131.4
142.9
161
210.7
265.7
268.7
270.7
261.7
258.7
241.7
249.2
253.7
258.2
284.2
283.7
274.7
251.4
230.4
216.4
196.4
159.4
148.7
136.8
137.6
135.4
147.6
157.1
208.6
264.6
280
275.5
274
263.2
246.2
246.2
251.7
255.7
283.2
281.7
273.9
248.4
229.7
213.9
199.6
166.6
148.4
137.4
133.4
134.4
150.6
165.6
211.1
267.1
278.5
284
278
271.5
251
250.5
250.7
261.2
282.7
283.2
269.9
254.2
235.5
215.5
189
169.5
154
140.2
136.7
136.2
145.2
162.2
207.7
265.2
278.7
280.2
273
272
253.7
252.7
251.2
261.2
279.2
277.7
268.7
246.7
233.4
210.4
188.6
169.2
149.5
138.5
136.2
134
142
155.6
184.5
225.5
233.2
234.2
227.2
212.2
194.2
185.2
180.7
185.7
227.7
228
232.2
223
210.2
193.7
174
151.5
142.9
133.9
129.9
118.9
127.7
133.7
147.7
166.7
174.7
187.7
190.2
187.2
176.7
165.7
165.7
163.9
184.9
209.9
216.5
211.9
202.4
184.4
169.4
149
141.5
135.5
129.5
132.5
139.3
159.8
216.3
256.6
266.1
267.6
260.6
247.6
224.5
228.8
231.3
237.8
271.8
273.8
259.8
248.8
232.8
208.8
183.8
167.6
138.3
135.4
133.9
133.4
138.9
158.4
216.4
260.4
268.4
262.9
254.9
245.4
221.9
222.9
231.7
240.2
252.2
254.7
254.7
237.2
221.2
202.2
179.2
158.6
141.7
134.7
129.7
129.8
138.3
151.8
179.3
221.2
225.2
224.2
225.2
207.2
189.7
182.7
184.2
188.7
221.7
233.2
225
215
190.4
177.3
170.3
151.8
144.1
136.1
128.6
124.6
126.1
128.6
144.1
153.6
148.1
161.1
169.6
167.6
157.9
137.9
134.6
137.6
173.3
179.3
182.2
183.5
176
167.5
161
146
135.9
124.9
121.4
117.4
124.4
125.4
143.4
150.9
155.9
169.9
173.4
176.9
158.8
156.3
148.3
153.3
181.3
185.8
190.8
189.8
185.3
172.3
164.3
147.8
134.8
126.8
120.8
120.8
127.3
134.3
152.9
170.9
170.9
183.9
189.9
180.9
167.4
160.4
163.4
163.4
177.9
205.9
210.4
197.9
188.4
175.4
162.4
144.9
135.4
128.9
119.9
120.4
121.4
133.4
143.9
155.9
147.4
164.9
169
172.4
158.9
149.4
148.4
149.3
168.8
188.3
193.8
193.3
190.3
178.8
164.8
148.7
134.8
124.9
123.3
123.3
127.3
147.9
173.9
208.7
216.2
221.7
216.2
216.2
197.7
187.7
197.4
200.9
210.7
239.2
233.2
217.2
204.2
180.9
165.9
149.4
140.4
127.9
125.9
124.9
132.9
145
176.9
219.7
226.2
226.7
224.7
216.7
201.2
196.2
199.2
210.2
217.7
239.2
237.7
216.7
204.7
185.4
170.9
150.9
137.9
126.9
124.9
123.9
129.4
141.4
173
204.5
209.5
223.5
212.5
206.5
186
188.8
183.3
187.5
203
222.9
217.9
202.4
181.9
162.4
154.9
293
163.9
143.9
137.9
132.4
129.9
131.4
138
144.4
145.4
140.9
141.9
151.9
155.9
148.4
143.4
140.4
148.4
161.4
179.9
184
186
180
168.5
155.4
143.4
130.5
126.1
122.1
119.6
129.1
138.1
165.6
192.6
203.9
211.9
215.9
210.4
197.4
192.4
193.4
197
207
227.5
221.6
205.6
194.6
177.8
166.3
147.2
140.2
129.7
123.1
120.4
127.7
128.7
157.7
177.2
179.2
191.7
189.7
184.7
171.7
166.2
166.2
168.2
184.7
215.7
216.7
201.7
194.7
180.7
168.2
145.3
137.3
128.9
127.9
123.4
126.4
136.4
140.4
155.4
147.9
160.9
168.4
172.4
163.9
153.4
153.9
158.9
171.9
196.9
200.9
200.4
194.4
174.9
166.9
151.7
136.5
130.1
126.2
124.9
130.4
144.7
170.7
202.5
206.5
215.5
206
206
195
183
188
190.5
208.5
229.3
234.3
214.3
206.6
179.8
170.1
154.6
142.5
134.5
129
125.5
129.5
137.5
152.5
164.5
164
178
186
186
172
158.5
160.5
160.5
173.5
208.1
216.4
208.4
205.4
183.6
170.6
156.6
138.6
131.6
127.1
128.6
138.1
155.1
185.4
256.4
272.4
277.4
285.9
264.9
243.9
245.4
254.9
259.4
268.9
281.4
275.8
248.3
239.8
215.5
191
168
152.5
141.5
136.5
133.5
143.5
164.5
206.2
267.7
273.7
277.2
275.7
254.7
231.7
233.7
238.7
246.2
254.7
282.2
271
244
243.5
212.3
193.3
170.3
146.3
141.3
137.3
138.3
144.3
163.1
210.4
263.4
274.9
277.9
271.9
261.9
237.9
238.4
246.9
244.4
250.4
282.9
268.9
243.4
232.6
212.6
190.6
172
154.1
139.6
137.6
137.1
144.1
153.1
180.8
216.8
224.3
234.3
228.8
222.8
194.3
184.8
183.8
185.8
197.8
231.8
232.8
224.8
210.8
193.8
176.8
159.8
150.8
136.8
128.6
127.5
131.7
132.2
151
160
160.5
177.5
187.5
186
174.5
175.5
164.5
163
174
207
214.5
215
207.5
191.5
175.4
157.4
144.4
135.4
135.4
134.4
141.9
163.9
206.6
269.4
273.9
281.9
274.9
267.9
244.4
250.2
254.9
258.9
259.9
284.3
281.3
254.8
236.8
218
190
168.6
149.3
143.3
142.3
145.8
147.8
160.8
210.3
271.6
283.6
289.6
278.6
275.2
255.2
254.2
275.7
269.7
285.5
292
290
263
243.1
225.6
193.8
175.8
156.3
145.3
139.3
143.2
153.2
167.2
212.2
262
285
286.5
287
282.5
267.5
264.5
262.5
256.5
269.5
275.5
276.5
253.8
239.3
215.7
189.9
169.2
150.7
146.2
137.1
138.9
146.6
167.1
214.9
266.9
279.9
277.5
268.5
261.5
247.5
239.5
243.5
248
250
272
273.5
256.6
238.6
217.6
192.8
168.4
155.9
143.4
139.4
136.9
144.9
175.9
206.9
261.9
271.5
278.5
273
265.5
240.5
245
249
260.5
257
282
273.8
245.8
232.3
210.5
187.5
170.6
150.4
139.4
138.4
134.4
140.4
156.9
168.2
217.7
224.7
227.7
220.7
211.7
189.2
184.8
183.3
183.8
198.8
228.8
233.8
223.8
207.8
190.3
170.8
158.6
148.5
138
132
129
135.5
140
152
150
168.5
177.5
188.5
192.5
176.5
174
161.5
161.5
174.5
206
218.7
213.2
206.7
191.2
176.7
158.9
141
133.5
131.5
131
140.7
161.2
214.2
264.7
269.2
271.7
268.7
257.2
237.2
238.2
236.7
243.7
245.7
273.2
269.2
246.4
234.4
215.1
194.2
168.5
154
178.5
142
139
146
165
216.5
256.8
265.3
276.8
253.8
265.3
240.3
235.3
235
242
248.3
274.3
274.9
239.8
233.8
212.5
203.5
165.9
149.9
140.9
137.9
137.9
144.9
165.9
210.4
252.9
273.9
268.4
263.9
249.4
228.4
234.9
238.4
244.9
236.2
272.2
270.2
251.3
238.3
209.3
190.8
164.8
151.8
144.8
140.4
137.9
149
165
212.3
249.1
272.1
267.8
264
256.5
230
232.5
237.5
244.5
246.5
270.5
276.2
250.8
236.8
225.3
189.8
165.8
146.9
139.9
132.4
132.9
145.9
161.9
214.9
251.7
268.9
269.4
262.4
249.9
231.9
231.9
241.4
241.4
250.9
273.2
268.2
242.4
231.8
205.9
193.6
163.1
151.9
142.4
138.4
135.4
142.9
151.4
178.9
202.4
221.4
224.3
220.8
206.8
186.3
181.3
175.3
175.3
180.3
225.1
232.6
217.1
202.1
187.1
167.1
154.1
141.8
128.8
129.3
126.8
133.3
137.3
143.8
156.8
166.8
179.3
186.8
192
175.5
162.5
158
158
168.2
202.4
209.4
208.3
199.8
188.6
172.1
154.5
137.6
130.5
126.8
134.3
138.6
151.6
204.6
246.1
266.6
263.6
264.6
248.6
229.6
229.1
224.6
237.6
237.6
272.1
275.6
250.6
232.6
201.7
177.9
158.2
149.1
141.1
131.6
135.5
140.9
159.9
207.9
248.6
268.4
271.6
269.6
260.4
234.1
234.1
237.6
240.6
244.4
277.4
286.4
248.1
239.1
207.6
188.6
161.6
147.5
140
140
134
140.5
162.6
207.3
250.3
263.8
269.8
264.3
253.7
234.7
231.7
235.2
235.4
224.4
276.9
270.4
247.4
235.4
212.4
186.4
157.9
152.3
152.3
138.7
137.2
145.8
156.7
205
242.3
265
266.5
264.5
243.9
234.4
230.7
235.4
239.4
242.4
279.2
269.7
242.7
231.9
208.4
192.4
164.4
154.4
139.5
138.5
139.5
142.6
166.6
205.2
250.4
273.9
273.4
263.4
260.4
237.9
228.9
234.4
242.5
243.9
277.9
274.1
250.1
232.1
205.4
185.4
166.4
151.9
139.4
136.4
135.4
141.4
152.4
184.4
204.4
226.4
231.4
227.9
213.4
193.9
182.4
184.9
184.9
188.4
235.4
239.9
223.3
208.3
193.3
180.3
157.4
144.9
135.3
129.9
127.9
129.3
133.3
145.3
145.3
163.3
179.3
188.3
189.3
174.1
167.6
160.1
157.6
164.4
208.3
218.8
215.8
205.8
187.7
178.2
154.3
141.3
135.3
133.3
129.8
139
161
204.7
244.5
272.5
271.5
264.7
257.2
241
240
241
243.5
245.5
273
285
244.5
230.5
208
184
160.5
146.6
139.2
132.2
135.7
139.2
155.2
211.7
242.5
269.7
268.7
262.9
249.4
230.9
229.9
240.9
241.9
245.9
283.4
270.9
242.9
232.9
204.9
179.4
161.3
148.8
137.3
135.8
134.3
144.6
162.4
214.5
248.5
275.3
275.1
270.3
261.2
238.1
233.2
237.7
238.7
239.5
274.7
274.7
249.7
239.2
220.2
187.7
164.7
148.7
142.7
135.7
135.2
142.7
158.7
210.7
248.7
271.5
269.5
261.2
251.2
229.2
229.7
233.7
233.7
236.7
274.7
269.2
253.2
231.2
210.3
188.8
161.3
147.8
143.8
132.8
139.8
143.3
127.8
205.8
241.8
264.6
271.6
264.6
241.6
235.6
234.1
236.1
239.6
233.9
266.8
273
253
228
202.5
189.7
167.7
151.7
141.7
137.8
136.8
140.3
153.3
185.8
199.8
221.8
229.3
221.3
205.3
190.8
184.8
183.8
181.3
185.2
226.7
230.2
220
203.5
190.5
173
160.6
144.6
136.6
130.8
124.8
131.5
134.3
139.3
137.8
158.2
181.7
183.7
188.7
171.7
168.7
158.7
154.2
157.2
195.2
210.2
205.7
200.7
188.2
171.7
151.7
140.2
132.2
133.2
130.7
138.7
157.2
204.2
239.2
263
263
247
250
228.7
231.7
239.7
235.2
243.3
250.6
266.6
247.8
230.2
217.2
188.2
172.2
168.2
129.7
136.7
134.7
143
156.7
206.7
239.7
261.7
266.5
262.5
246.3
235.6
236
233.3
235.7
239.1
251
265.5
246.2
229.2
213.2
189.7
159.7
147.7
135.2
132.2
136.2
149.2
164.2
203.7
241.2
255
263.5
253.5
246.7
225.7
224.2
231.2
230.2
230.5
256.4
264.9
245.2
225.2
202.2
185
164.7
150.9
139.4
132.9
133.9
140.4
154.2
207.2
242
259.5
258
253.2
244.2
223.7
221.2
232.2
231.2
229.2
248.2
243.7
244.7
231.7
204.7
182.7
160.9
144.4
138.9
136.9
129.1
146.5
155
204.5
239.1
260.1
260.1
252.8
237.8
223.3
224.3
227.5
234
223.5
242.5
264.5
245.5
221.5
203
182.5
162.9
148
138.9
131.9
133.9
137.9
151.9
176.4
188.9
211.4
210.4
200.4
201.4
179.6
172.6
169.4
173.9
173.9
194.4
225.4
215.4
198.4
182.9
167.4
152.7
143.7
131.7
122.7
123.7
125.7
133.7
142.5
133
153.5
169.5
176.5
167
159
148
147.5
143
146.5
168
204.5
203.5
196
182.5
170.5
149.5
137.5
127.5
125.5
127.2
135.2
151.2
193.5
227
249
252
243.5
228.5
219
218
217
223
220.3
233.3
256.8
235.8
223.8
199.3
183.2
155.7
145
136.5
132.5
130.5
141.3
153.8
196.3
224.3
251.3
250.3
252.3
231.3
217.3
217.3
221.8
225.8
220.8
229.8
258.8
239.8
227.8
197.1
183.6
156.1
144.1
136.1
132.1
131.6
138.1
156.1
199.8
227.3
241.8
247.3
252.8
237.3
220.3
223.3
223.8
225.3
224.3
242.3
277.8
243.8
225.8
195.5
181
151.4
145.4
136.4
133.9
134.5
140.1
163.1
201.1
231.1
240.6
252.6
235.6
238.1
223.6
218.6
226.6
232.1
207.6
236.1
269.6
239.1
221.6
197.6
183.1
165.1
147.6
137.7
129.7
133.7
141.2
156.2
204.7
229.7
255.2
253.2
244.7
238.7
219.6
216.2
219.7
225.7
219.2
231.2
258.7
230.7
217.7
196.7
182.2
163.4
140.1
135.1
130.1
127.6
140.1
153.6
174.1
188.1
212.1
215.6
213.1
203.1
180.1
170.1
171.1
169.1
179.1
194.1
223.1
212.1
199.1
181.6
166.6
152.6
139
131.6
126.5
119.5
127.1
131.6
140.1
140.1
154.1
173.6
180.6
185.6
168.1
156.1
156.6
157.6
164.6
192.1
203.1
202.1
192.4
179.9
162.7
144.7
135.2
125.2
124.2
121.2
128.7
146.7
193.7
221.7
254.2
253.5
256.5
245.5
229.5
230.5
234.5
242.5
240.2
258.7
262.7
240.7
220.7
200.5
183.5
152.9
143.5
135.5
132.5
133
139.5
161.5
211.5
238.5
245.3
256.8
242.3
234.6
217.8
223.3
223.3
220.3
217.1
231.8
263
241.5
227
204.5
177.8
159.8
145.7
135.2
132.3
132.5
137.3
155.3
202.3
229.3
253.3
255.8
249.8
237.3
220.3
217.8
225.8
226.3
193.8
231.8
239.8
240.8
224.8
202.1
183.1
153.7
140.7
129.7
128.7
127
137.8
150.8
204.8
227.4
251.3
251.3
246.3
244.3
219.3
216.5
216
221.2
221.2
229.2
259.7
240.7
224.2
199.7
174.2
160.2
141.7
134.2
129.7
133.6
135.3
151.4
199.1
213.1
245.1
246.6
242.6
233.6
213.6
215.5
217
215.5
218.5
222.5
255.5
235.5
218.5
205.5
175.5
160.5
142.5
133.5
126.5
125.9
130.9
142.4
172.9
184.9
207.4
206.9
202.9
193.9
175.9
166.4
167.8
164.8
169.7
177.2
221.2
207.9
193.9
178.8
164.3
147.4
138.8
127.8
119.8
117.8
118.8
130.8
136.8
133.8
147.8
160.8
166.8
166.8
157.8
147.8
135.8
141.3
139.9
150.3
193.7
198.6
189.6
178.5
166.5
144.9
132.5
123.5
120.5
124
128.5
145
195
221
242.5
253.5
238.5
234
216.5
213.5
221
216
220.7
222.9
252.4
234.9
223.4
200.4
175.9
153.3
137.8
131.3
129.8
129.8
135.3
155.3
201.3
227.3
250.3
251.3
245.8
229.3
216.3
221.3
219.3
224.3
217.3
238.3
264.3
240.1
223.6
197.6
180.6
153.8
162.8
129.8
128.8
127.8
135.8
157.8
193.8
225.3
258.8
255.8
249.3
240.3
225.3
229.3
226.8
235.3
232.3
240.8
259.3
237.3
222.3
200.8
179.8
153.7
138.7
129.7
129.3
129.8
135.5
154.3
194.2
229.7
258.7
256.7
252.7
242.7
224.7
231.2
221.7
222.7
214.7
222.7
260.7
237.2
227.7
200.7
176.2
160.2
138.7
133.2
129.3
129.8
134.3
156.3
191.3
226.8
250.8
249.8
241.3
238.3
216.3
216.3
217.3
214.3
211.3
215.8
254.8
245.8
219.8
188.3
180.3
152.9
141.4
131.9
127.4
129.4
132.4
146.4
162.4
184.9
208.9
208.4
200.9
192.3
178.2
166.2
161.7
168.4
169.4
175.5
221
208.3
194.3
173.1
158.9
146
135.5
124.5
119
115
122
127.5
119
131.5
149
163.5
163
165.5
155.5
145.5
143.5
141.5
144.5
149.9
192.9
197.9
186.9
172.9
159.3
143.8
130.3
122.3
123
120.1
129.1
152.1
177.8
214.5
239.7
241.7
237.7
230.9
210.2
211.2
221.2
218.7
221.7
223.2
252.7
231.6
220.6
193.1
174.6
152.7
141.7
130.7
129.2
129
137.8
160.8
190.8
219.8
238.3
245.3
239.3
233.3
216.8
218.8
222.3
222.3
208.3
218.3
260.8
241.8
227.8
204.8
179.8
156.5
142.6
134.6
132.6
131.6
133.6
153.6
184.4
227.9
255.9
251.9
249.9
242.9
223.4
217.4
223.9
227.9
223.9
228.9
263.9
243.9
229.9
205.4
176.8
155.8
141.8
137.1
132.8
133.8
139.3
152.3
194.3
233.3
258.3
250.5
250.5
236.5
222.5
223.5
225.5
225.5
221.5
229.5
263
244
229
204
176
155.3
153.1
134.6
132.6
129.6
135.1
156.1
183.1
227.1
246.6
245.6
239.6
232.6
219.6
217.6
219.6
226.6
218.1
216.5
255.5
238.5
225.5
201.5
176.5
157.8
144.5
132.5
129
127
133
148
164
190
207
210
204
191
178
166
170
166.5
163.2
166.7
225.7
213.7
197.7
178.7
162.6
151.5
135.5
125.5
120.4
119.4
122.5
131.5
121
134.5
153.5
167.5
167.5
164.5
152.5
145.5
141
133
131.5
141.5
187.5
191.5
191
175
168
145.5
130.4
121.4
121.9
119.9
129.9
160.4
173.4
213.4
245.4
239.9
232.4
229.9
209.4
216.9
217.9
214.9
209.9
211.9
246.9
243.9
223.9
197.9
172.9
154.4
139.9
132.4
128.9
129.4
137.4
155.4
180.4
219.4
241.4
243.4
235.4
230.4
214.9
214.4
214.9
223.9
222.9
215.9
255.9
236.9
219.9
196.4
175.4
155.8
135.3
131.3
130.3
129.3
132.8
152.8
179.8
228.3
242.3
243.3
236.3
229.3
210.8
210.8
216.8
214.3
213.3
212.3
254.3
237.1
218.1
200.6
173.6
154.1
141.4
132.4
125.9
128.4
135.4
148.4
173.4
222.4
241.4
240.4
237.4
234.4
216.4
216.4
214.9
217.9
213.9
216.4
255.9
225.9
217.6
200.6
181.3
152.3
138.4
132.4
131.4
131.4
135.9
154.9
180.9
216.9
245.9
240.9
238.9
230.9
214.9
214.4
214.4
210.9
210.3
210.3
253.2
237.7
219.2
196.2
169.2
156.2
141.2
134.2
128.2
123.2
129.7
137.7
152.9
183.9
204.2
202.2
198.7
189.7
169.7
159.7
159.8
155.2
158.2
162.2
210.2
197.2
185.7
172.8
159.2
145.6
130
126
119.6
119.5
116
128
120
132
147.5
160
161.5
163
149
141.5
143
135
134
139.5
189.5
197
189
176
163
138.5
128
120.9
123.3
120.8
128.3
153.3
174.3
229.8
254.3
251.3
250.3
243.5
224.5
225
232
231
229
232
255.3
239.5
225
199.5
179
158
143.5
131.4
131.4
127.6
135.1
158.1
190.6
227.1
262.4
264.4
258.1
250.6
225.1
222.1
226.6
225.1
219.1
215.6
256.1
246.1
222.6
201.1
184.1
157.5
146.5
138
131.5
131
140
163
184.7
232.7
244.7
248.7
243.7
231.7
216.7
223.7
227.7
226.7
216.2
206.5
253.5
245
228
198.5
181
153.5
142
133
131.5
129.5
137.5
159.5
188.5
224.5
243.5
248.5
240.5
238.5
221
218
221
218
219.1
214.6
255.9
241.4
233.4
193.4
176.2
153.2
142.7
135.2
132.8
130.8
140.3
155
183.5
229
253.5
250.5
240.3
236.3
216.3
216.8
219.5
220.5
212.5
213.5
248
245.5
223
188
177.5
158
143.2
126.2
130.2
127.8
134.1
143.6
156.6
182.6
208.1
208.1
202.1
190.1
173.1
166.6
162.6
165.1
166.1
173.6
216.1
206.1
199.6
182.6
164.3
147
137.4
154.4
128.4
122.4
125.9
127.9
138.4
124.4
140.9
156.9
162.9
165.9
157.4
147.4
141.4
143.4
139.4
140.9
152.4
184.4
191.4
184.9
169.2
149.7
136.1
126.1
123.6
123.6
131.1
149.1
189.6
213.6
239.6
242.6
237
229
210.7
212.2
221.2
220.2
210
205.5
200.5
230.4
224.4
209.4
183
158.5
145.2
134.1
128.1
128.5
135.5
150
192.5
215.5
242.5
246.7
241.7
227.7
224.7
214.7
216.2
216.1
206.6
205.4
203.9
219.9
231.4
207.4
181.4
157.4
139.7
133.7
127.7
128.2
136.2
143.2
197.2
214.5
239.5
244.5
237.5
226
216.5
219.5
218.5
219.2
217.7
208.7
212.2
232.7
228.7
204.7
180.2
157.7
139.7
134.7
131.2
130.7
137.2
146.7
191.7
214.7
242.7
248.7
241.7
239.7
222.7
228.3
217.3
219.3
215.3
213.8
215.5
222.5
226.9
193.9
181.4
158.9
139.4
131.9
127.9
127.9
137.4
151.5
191.5
220.5
252.5
247.5
244.5
241.5
217.5
225.5
228
237
224.5
226
229
235
220
193.5
170.5
157.9
139
130
127
124
127
139
168
179
200.5
207
196.5
188.5
176
165
163
164.5
167.5
168.5
179.5
189
196.5
177.5
162.5
150
136
123.1
120.1
116.6
118.6
119.6
134.6
132.6
143.6
157.6
157.1
159.1
149.4
140.6
142.1
139.1
136.1
141.6
147.6
169.1
190.6
176.6
162.4
141.6
128.6
121.6
118.6
117.6
124.1
141.6
191.1
211.1
235.8
236.9
230.8
224.3
211.1
208.6
211.1
211.1
206.6
200.1
198.1
205.1
215.6
189.6
175.1
143.1
137.7
129.2
125.5
125.5
133.5
152
187.5
227.5
255.5
258.5
254
249
226.5
223.5
234
223.5
223
213.5
204.5
203.3
224
199
177.5
151.5
140
131.2
130.2
129
132.5
149
193.4
217.4
235.4
239.9
234.4
235.4
214.4
212.4
216.4
213.9
212.4
197.9
200.4
213.4
221.4
198.4
177.4
154.2
139.1
132.1
127.1
126.1
135.1
146.1
172.6
206.6
240.6
240.6
237.6
223.6
211.6
211.6
209.6
212.1
211.6
206.1
213.1
209.1
217.6
191.6
175.6
149.6
137.6
127.6
125.6
126.6
136.6
150.6
188.3
209.8
245.3
246.3
245.3
226.8
219.8
216.8
212.8
215.8
211.3
205.3
214.3
200.8
205.3
189.3
171.3
152.8
132.8
126.8
123.3
123.3
126.8
142.8
150.9
163.4
183.9
192.4
185.9
176.9
161.9
159.9
162.4
163.9
162.9
168.6
172.3
173.3
184
167.5
155
144
131
121.8
116.8
113.1
117.6
123.6
115.4
127.9
141.4
151.2
149.2
147.7
130
121.5
118.5
123.5
120.5
125.5
132.5
143.5
166.5
162.5
150.4
137.5
124.6
118.6
112.6
111.1
117.6
128.5
117
124
139.5
152.5
152
146.5
137
128
127.5
123.5
128.5
139.5
152.5
153.5
180.2
167.2
156.5
143.5
121.2
116.7
114.7
119.7
124.2
141.2
165.7
202.8
232.9
233
227
217
206.7
207.7
207.2
209.7
203.2
198.2
200.2
204.2
219.2
198.2
177.7
153.3
134.3
127.8
124.7
121.2
130.7
150.2
176.7
221.7
246.2
252.7
255.2
254.2
229.2
233.2
240.2
233.2
232.2
231.7
229.2
216.2
218.7
199.7
180.7
154.7
138.2
132
127.4
127.4
134.9
153.4
181.7
221.2
251.2
249.2
243.2
230.2
219.2
220
219
222.5
215.5
211
213.5
211
223.5
203
177.5
155.3
140.8
132.8
128.8
126.8
136.5
154.5
180.5
231
253
261
256
248
220
229.5
229.5
227
216.5
205
209
199
222.5
198.5
174
158
141
133
126
126
133
145
155.5
185.5
206.2
210.2
204.2
191.2
176.2
170.2
168.2
168.2
165.8
166.8
174
179.5
199.4
179.4
163.9
145.9
132
122
118.5
115.5
120.5
126.5
115.5
130
149
164
166
167
156
145
148.5
141
137
140
148
160.5
193
181
165
147.2
131.1
124.1
119.1
118.1
127.6
141.6
170.1
220.1
238.6
240.6
235.1
221.6
210.6
212.6
211.6
213.6
205.1
198.6
201.1
196.1
222.1
204.3
176.8
148.8
139.9
129.9
124.4
124.4
134.9
159.4
177.2
218.2
243.2
243.7
237.7
226.7
213.7
214.7
216.7
218.7
207.7
205.7
204.7
198.2
226.7
203.9
176.2
156.1
138.6
129.6
122.6
124.6
136.1
149.1
178.1
218.1
235.6
235.6
234.6
228.5
209
211
212.5
220.5
210.5
204.8
201.8
196.8
220.8
199.8
183.3
161.5
141
130
127.5
125.5
132
147
168.5
216
242
238
235
229.5
210.5
213
213.5
217.5
207.5
203.5
202.5
199.5
218
191.1
176.5
151.5
140.5
133.5
127.5
125.8
131.4
149.9
163.9
206.9
234.9
236.4
229.4
221.9
209.4
206.9
211.9
212.4
208.4
197.5
200
196
221.5
194.5
176.5
158.5
146.6
135.6
130.6
125.6
130.6
134.1
122.1
140.6
156.6
170.6
167.3
164.3
157.3
148.3
143.3
138.3
137.6
141.2
147.2
158.5
184.8
170.6
156.5
147.1
138.6
131.2
128.2
124.2
129.7
133.6
119.1
130.1
145.1
157.1
159.1
156.6
145.6
141.6
138.3
135.3
136.8
140.1
152.1
161.1
185.1
164.6
159.6
147.6
128.4
118.9
119.9
119.9
132.9
141.9
170.7
216.7
243.7
248.7
246.7
242.7
220.7
221.4
226.4
226.4
217.4
212.4
209.4
213.4
213.4
188.4
173.4
161.8
137.8
128.9
124.5
126
134.2
149.8
173.4
224.4
247.4
248.9
246.9
222.4
214.1
212.1
214.1
215.1
208.1
206.1
208.1
203.1
215.1
190.1
176.3
154.4
141.9
128.9
125.9
124.9
130.9
152.9
163.8
211.3
237.3
237.8
236.8
233.8
216.8
215.8
220.8
224.8
220
219.5
210.5
205.5
217.5
193.5
177.5
154.2
135.9
129.9
121.9
122.9
130.4
140.9
175.9
219.9
246.9
251.9
248.4
247.9
236.9
230.4
236.4
231.4
231.4
217.5
223.5
214.5
219.5
191.5
171
154
135.3
125.2
122.2
117
125.8
129.8
118.8
127.8
148.3
163.3
165.3
165.3
154.3
136.3
141.1
139.1
138.1
138.1
149.1
162.1
176.1
170.1
159.6
143.6
127.9
120
115.5
112.5
117.1
131
127
147
177
179
176.8
171.3
160.3
156.8
149.8
149.8
146.8
149.8
155.8
166.8
184.8
171.8
152.8
143.4
128.4
120.9
113.4
113.4
115.4
123.4
109.4
125.4
141.4
151.4
156.4
154.4
148.4
142.4
133.4
126.4
130.4
134.4
145.4
161.4
184.4
174.4
162.9
147.9
132.9
122.4
118.4
117.4
124.4
135.4
162.4
208.9
234.4
235.4
233.4
228.4
211.4
214.4
214.9
211.9
201.9
196.4
197.9
194.9
217.4
193.4
173.4
154.4
137.9
127.9
124.9
124.4
130.4
145.4
161.4
212.4
230.4
236.4
231.9
224.9
211.4
207.4
213.9
211.9
197.9
190.9
189.9
188.9
209.9
198.9
170.9
164.4
141.4
132.9
129.4
126.9
133.4
144.9
163.4
209.4
232.9
231.9
230.9
221.4
206.9
205.9
210.9
210.9
204.9
201.9
200.9
197.9
211.9
195.9
172.9
149.4
140.1
128.7
125.9
123.7
128.2
132.4
161.9
208.4
228.9
234.9
228.9
221.9
209.9
210.4
213.4
216.4
203.4
200.4
200.4
194.4
212.4
189.4
179.4
161.4
137.8
128.8
125.8
123.8
129.8
147.8
162.3
210.8
218.8
223.8
225.8
218.3
208.3
206.4
211.9
211.9
202.9
196.4
194.9
185.9
208.9
190.9
177.3
156.3
139.3
131.2
125.1
126.1
128.1
136.1
138.9
171.9
188.9
188.9
188.9
179.9
164.9
159.9
160.9
158.9
151.9
150.9
158.9
158.9
175.9
171.9
165.9
139.9
132.9
124.9
118.9
114.9
115.9
120.9
110.4
119.4
145.4
149.4
147.4
150.4
137.4
134.4
134.4
125.4
119.4
128.4
129.4
141.4
176.4
171.4
160.4
147.4
126.4
119.4
118.4
116.4
121.4
141.4
147.4
192.4
217.4
218.4
217.4
215.4
204.4
207.4
207.4
212.4
206.4
194.4
190.7
182.7
209.7
200.7
173.7
154.9
137.9
129.9
124.9
124.9
128.9
143.9
156.9
198.9
226.9
226.4
227.4
228.4
212.4
210.4
215.4
209.4
205.4
202.4
196.4
184.4
209.4
205.4
181.4
155.4
141.4
131.4
127.4
127.4
129.4
137.4
157.4
200.4
228.4
228.4
228.4
220.4
213.4
216.4
218.4
214.4
207.4
197.4
190.4
183.4
195.4
187.4
179.4
160.4
143.4
134.4
130.4
129.4
133.4
128.4
164.4
202.4
227.4
232.4
232.4
233.4
212.4
217.4
221.4
228.4
216.4
206.4
204.4
201.4
215.4
200.4
180.4
157.4
142.4
134.5
128.9
130.6
133.4
143.5
160.5
208.5
228.5
239.5
241.5
229
220
217
217
214
205
200
194
185
201
192
183
159
140.9
132.9
127.9
125.9
128.9
132.9
144.9
169.9
196.9
202.9
198.9
186.9
175.9
158.9
159.9
160.9
157.4
157.4
160.4
159.4
181.4
174.4
163.4
142.9
128.9
122.9
117.9
115.9
125.9
113.9
106.9
123.9
140.9
148.9
151.9
149.9
137.9
133.9
130.9
132.9
129.9
131.9
135.9
154
176
169
153
139
126
118
116
116
121
120
152.9
194.9
217.9
217.9
220.9
216.9
202.9
203.9
208.9
208.9
198.9
191.9
187.9
176.9
189.9
194.9
170.9
146.2
135.2
128.2
124.2
124.2
129.2
127.2
156
197
226
226
226
223
207
203.5
213.5
212
203
197
191
181
189
189
177.2
155.2
140.2
130.2
126.2
124.2
128.2
127.2
154
199
226
229
230
225
210
211
217
215
196
198
196
193
199
185
179
154.2
139
129.2
125.2
126.2
129.2
122.2
161
202
224
224
223
223
204
209
215
213
203
198
191
180
188.5
199.5
178.7
159.7
140.7
132.7
129.7
128.7
133.7
121.7
169.5
205.5
227.5
227
221
223
208
213
215
214
204
195
191
182
185
196
179
159
143
134
129.2
124.2
127.2
117.2
137.2
167.2
190.2
194.2
191
183
169
159
154
159
158
156.4
159.4
158.4
162.4
175.4
158.4
150.4
132.4
124.4
121.1
115.1
114.1
105.1
104
123
135
145
150
148
136
136
133
130
131
134
143
151
171
167
156
142
126.5
120.4
117.8
116.9
120.9
115.9
159
209
228
227
223
216
210
212
214
213
207
198
196
193
197
197
170
155
134
131
129
128
130
125
168.4
208.4
234.4
230.4
232.8
227.8
213.3
212.4
221.4
221.4
212.4
212.4
212.4
192.4
192.4
198.4
177.4
156.4
136
129
125
126
130
128
165
208
236
237
235
231
214
216
227
219
227
216
211
201
212
192
172
155
137
131
127
125
132
130
167
225
246
248
246
247
226
224
227
228
223
221
227
215
214
194
184
154.5
141.5
128.5
127.4
125.2
130.3
127.3
173.3
216.3
238.3
245.3
245.3
239.3
224.3
221.3
220.3
223
214
206
201
192
190
197
172
157
140
130
125
123
126
113.5
137
172
195
196
191
182
167
160
158
160
157
157
160
164
164
175
161
150
130
121
118
115
115
100
104
119
139
148
151
152
149
140
134
127
127
129
152
148
151
168
160
